# GIMP colorrc
# 
# This file holds a list of recently used colors.

(color-history
    (color-rgba 1 1 1 4.6465317837990244e-310)
    (color-rgba 1 1 1 1)
    (color-rgba 0.47058823529411764 0.49411764705882355 0.72156862745098038 1)
    (color-rgba 0.37647058823529411 0.43137254901960786 0.47058823529411764 1)
    (color-rgba 0 0 0 1)
    (color-rgba 0.93725496530532837 0.23137256503105164 0.22745099663734436 1)
    (color-rgba 0.054901960784313725 0.55294117647058827 0.75294117647058822 4.6555450215152574e-310)
    (color-rgba 0.054901961237192154 0.55294120311737061 0.75294119119644165 1)
    (color-rgba 0.12820512820512819 0.70940170940170932 1 1)
    (color-rgba 0.14901960784313725 0.19607843137254902 0.2196078431372549 1)
    (color-rgba 0.38039215686274508 0.43529411764705883 0.47843137254901963 1)
    (color-rgba 0.078431372549019607 0.094117647058823528 0.12941176470588237 1)
    (color-rgba 0.86274509803921573 0.078431372549019607 0.23529411764705882 1)
    (color-rgba 0.9490196704864502 0.9490196704864502 0.9490196704864502 1)
    (color-rgba 0.80392163991928101 0.61568629741668701 0.60000002384185791 1)
    (color-rgba 0.84705889225006104 0.63529413938522339 0.62745100259780884 1)
    (color-rgba 0.50196078431372548 0.21176470588235294 0.1803921568627451 1)
    (color-rgba 0.086274509803921567 0.62745098039215685 0.52156862745098043 1)
    (color-rgba 0.67058825492858887 0.67058825492858887 0.67058825492858887 1)
    (color-rgba 0.28235294117647058 0.4823529411764706 0.71764705882352942 1)
    (color-rgba 0.94117647058823528 0.3843137254901961 0.5725490196078431 1)
    (color-rgba 1 0.792156862745098 0.15686274509803921 1)
    (color-rgba 0.49411764705882355 0.3411764705882353 0.76078431372549016 1)
    (color-rgba 0.40000000000000002 0.73333333333333328 0.41568627450980394 1)
    (color-rgba 0.93725490196078431 0.32549019607843138 0.31372549019607843 1)
    (color-rgba 0.20392156862745098 0.59607843137254901 0.85882352941176465 1)
    (color-rgba 0 0 0 4.678232143043633e-310)
    (color-rgba 0.80784313725490198 0 0.039215686274509803 1)
    (color-rgba 0.11372549019607843 0.090196078431372548 0.035294117647058823 1)
    (color-rgba 0.11372549019607843 0.090196078431372548 0.035294117647058823 4.68809624988719e-310)
    (color-rgba 0.0039215686274509803 0.0039215686274509803 0.0039215686274509803 4.6880933920107061e-310)
    (color-rgba 0.10196078431372549 0.078431372549019607 0.023529411764705882 0)
    (color-rgba 0.0039215688593685627 0.0039215688593685627 0.0039215688593685627 1)
    (color-rgba 0.14117647058823529 0.11764705882352941 0.054901960784313725 4.6880934946704328e-310)
    (color-rgba 0.14117647058823529 0.11764705882352941 0.054901960784313725 1)
    (color-rgba 0.23137256503105164 0.25098040699958801 0.23921570181846619 1)
    (color-rgba 0.24313727021217346 0.26274511218070984 0.24705883860588074 1)
    (color-rgba 0.20784315466880798 0.22745099663734436 0.21568629145622253 1)
    (color-rgba 0.18431372940540314 0.20392158627510071 0.24705883860588074 1)
    (color-rgba 0.86274509803921573 0.078431372549019607 0.23529411764705882 4.9406564584124654e-324)
    (color-rgba 0.18431372940540314 0.19607844948768616 0.24705883860588074 1)
    (color-rgba 0.015686275437474251 0.090196080505847931 0.054901964962482452 1)
    (color-rgba 0.37647058823529411 0.22352941176470589 0.26666666666666666 1)
    (color-rgba 0.18431372549019609 0.20392156862745098 0.24705882352941178 4.6753484661419049e-310)
    (color-rgba 0.36862745098039218 0.23529411764705882 0.28235294117647058 4.9406564584124654e-324)
    (color-rgba 0.36862745098039218 0.23529411764705882 0.28235294117647058 1)
    (color-rgba 0.35294117647058826 0.27058823529411763 0.30196078431372547 1)
    (color-rgba 0.36078431372549019 0.22352941176470589 0.27450980392156865 1)
    (color-rgba 0.3411764705882353 0.32549019607843138 0.29803921568627451 4.6563218373800555e-310)
    (color-rgba 0.3411764705882353 0.32549019607843138 0.29803921568627451 1)
    (color-rgba 0.22352941176470589 0.24313725490196078 0.29803921568627451 4.6563205063087083e-310)
    (color-rgba 0.15686274509803921 0.16862745098039217 0.21568627450980393 4.6435631700373599e-310)
    (color-rgba 0.87450980392156863 0.0078431372549019607 0.23137254901960785 1)
    (color-rgba 0.87450980392156863 0.0078431372549019607 0.23137254901960785 4.9406564584124654e-324)
    (color-rgba 0.87058823529411766 0.0078431372549019607 0.23529411764705882 1)
    (color-rgba 0.42745100000000003 0.42745100000000003 0.42745100000000003 1)
    (color-rgba 0.36078399999999999 0.35795500000000002 0.35795500000000002 1)
    (color-rgba 0.026759000000000002 0.56862699999999999 0 1)
    (color-rgba 1 0 0 1)
    (color-rgba 0 0 1 1)
    (color-rgba 1 1 1 1)
    (color-rgba 1 1 1 1)
    (color-rgba 1 1 1 1)
    (color-rgba 1 1 1 1)
    (color-rgba 1 1 1 1)
    (color-rgba 1 1 1 1))

# end of colorrc
